County,County FIPS Code,2022 Covid Infections,2022 Covid Deaths,2022 Population Estimate,2022 Real GDP,Average Household Income,Covid Infections Per Capita,Covid Deaths Per Capita,Percent of population over 65,Percent of Population Completing Vaccination,Number of primary care providers,primary care providers per 100k
ST LOUIS,29189.0,124171,358,991881,89147507,81340,0.1251873964719558,0.0003609303938678,18.7,0.685516569,1211.0,121.2473154883183
JACKSON,29095.0,79621,207,716580,50118029,67178,0.1111125066287085,0.0002888721426777,15.5,0.606928309,605.0,84.26265994236712
ST CHARLES,29183.0,48803,49,414055,19607818,102912,0.1178659839876345,0.0001183417661904,16.4,0.650218147,192.0,46.77051995663983
GREENE,29077.0,33739,75,303336,18163171,57488,0.1112264947121344,0.0002472505736213,16.9,0.536548999,281.0,93.31301035741207
ST LOUIS CITY,29510.0,32679,31,286292,31193060,55279,0.1141456973998574,0.0001082810557053,14.9,0.635929016,284.0,96.76847800902264
CLAY,29047.0,28200,48,257037,13662294,86150,0.1097118313705809,0.0001867435427584,14.9,0.501536363,152.0,59.39634556168624
JEFFERSON,29099.0,26023,62,229268,5241427,80522,0.1135047193677268,0.0002704258771394,16.1,0.533656772,58.0,25.435249747840196
BOONE,29019.0,23705,0,187743,9997270,69913,0.1262630297800717,0.0,13.1,0.652549276,220.0,118.19568908086734
JASPER,29097.0,14283,31,123969,5475966,57525,0.1152142874428284,0.0002500625156289,15.8,0.355528626,101.0,81.8980895851578
CASS,29037.0,11391,14,110345,2962114,87413,0.1032307762019121,0.0001268748017581,17.5,0.536616783,27.0,24.591955698047215
FRANKLIN,29071.0,10984,12,105865,4861575,71973,0.1037547820337222,0.0001133519104519,18.5,0.545500014,63.0,59.81940237568484
BUCHANAN,29021.0,10902,12,82956,4958412,59423,0.131419065528714,0.0001446549978301,17.1,0.452119866,55.0,65.76115548328471
PLATTE,29165.0,10896,28,110593,7448432,95748,0.0985234146826652,0.0002531805810494,15.7,0.4649828,88.0,80.9180520818008
CHRISTIAN,29043.0,9324,0,93130,1932155,81245,0.1001181144636529,0.0,16.3,0.485377279,38.0,41.46841852547034
ST FRANCOIS,29187.0,8856,0,66938,1736264,54813,0.13230153276166,0.0,16.9,0.465521089,45.0,67.1491457136462
COLE,29051.0,8495,0,76977,5468493,73273,0.1103576392948543,0.0,17.5,0.55653137,54.0,70.48136159548919
CAPE GIRARDEAU,29031.0,8194,0,82940,4172513,68912,0.0987943091391367,0.0,17.2,0.517262365,74.0,90.08570315543436
LINCOLN,29113.0,6522,13,63184,1311139,85276,0.1032223347682957,0.0002057482907065,14.3,0.439530273,3.0,4.866101117581223
PETTIS,29159.0,5851,0,43381,2217104,60232,0.1348747147368663,0.0,17.1,0.453317272,24.0,55.529847292919946
TANEY,29213.0,5686,0,56736,2742818,58258,0.1002185561195713,0.0,22.3,0.435542126,45.0,79.9105002397315
JOHNSON,29101.0,5462,0,54423,1933326,67123,0.1003619793102181,0.0,12.9,0.385464837,19.0,35.04953052076223
CALLAWAY,29027.0,5298,0,44760,1854247,72645,0.1183646112600536,0.0,17.4,0.516237177,17.0,38.06964505654462
SCOTT,29201.0,5130,0,37869,1687685,58847,0.1354670046740077,0.0,18.4,0.420741902,19.0,50.1398638306856
NEWTON,29145.0,5058,0,60107,2218345,64583,0.0841499326201607,0.0,18.7,0.330389661,7.0,11.77440244907571
PHELPS,29161.0,5001,0,45301,1619824,55427,0.110394914019558,0.0,16.8,0.455230745,37.0,82.38332739579623
PULASKI,29169.0,4530,0,53824,2215320,66435,0.0841631985731272,0.0,9.6,0.227156082,15.0,27.872751598037762
BUTLER,29023.0,4192,0,42150,1505374,49213,0.0994543297746144,0.0,19.3,0.364871227,40.0,94.86990963641107
HOWELL,29091.0,3924,0,40612,1299482,49814,0.0966216881709839,0.0,19.9,0.38036244,35.0,87.44316194473592
DUNKLIN,29069.0,3671,0,27444,755430,47368,0.1337632998105232,0.0,18.5,0.374480794,7.0,25.235228378816828
POLK,29167.0,3668,0,32669,869722,56686,0.1122776944503964,0.0,18.1,0.433823758,26.0,81.1308390801011
WEBSTER,29225.0,3624,0,40369,863915,69731,0.0897718546409373,0.0,15.7,0.413593655,15.0,37.878787878787875
WARREN,29219.0,3613,0,37292,887014,77989,0.0968840501984339,0.0,17.9,0.457151673,8.0,21.880641102784313
CAMDEN,29029.0,3563,0,43779,1674707,62927,0.0813860526736563,0.0,28.9,0.46994925,33.0,75.83940431595155
MARION,29127.0,3375,0,28489,1217940,63908,0.118466776650637,0.0,18.7,0.424956186,29.0,101.52639686318442
LACLEDE,29105.0,3366,0,36330,1540295,50825,0.0926507018992568,0.0,18.0,0.383058534,20.0,55.30514614384869
LAWRENCE,29109.0,3193,0,38672,962195,55849,0.0825661977658254,0.0,18.1,0.437126841,15.0,39.2023625957191
LAFAYETTE,29107.0,2933,0,32937,864068,79091,0.0890487901144609,0.0,18.9,0.482695365,8.0,24.364245469773106
HENRY,29083.0,2796,0,22404,747657,56621,0.1247991430101767,0.0,22.3,0.503344941,17.0,76.50765076507652
BARRY,29009.0,2782,0,34931,1670153,56611,0.0796427242277633,0.0,21.9,0.416971695,26.0,74.79431563201196
NODAWAY,29147.0,2701,0,20690,746344,55970,0.1305461575640406,0.0,17.3,0.50172008,8.0,38.12428516965307
RANDOLPH,29175.0,2579,0,24619,1291190,55310,0.1047564888906941,0.0,17.1,0.413003071,7.0,28.491188082543044
ADAIR,29001.0,2434,0,25155,818197,56583,0.0967600874577618,0.0,15.2,0.495284694,44.0,174.68635858345243
SALINE,29195.0,2428,0,23016,948119,56566,0.105491831769204,0.0,17.4,0.489345811,12.0,51.58406052529768
VERNON,29217.0,2337,0,19608,802593,54519,0.1191860465116279,0.0,20.4,0.363808783,5.0,25.512807429329524
STONE,29209.0,2297,0,32137,793334,61323,0.0714752466004916,0.0,31.3,0.428705558,8.0,25.324469768914216
MILLER,29131.0,2295,0,25384,719602,55172,0.0904112826977623,0.0,19.5,0.401030485,8.0,32.06541344342459
CRAWFORD,29055.0,2219,0,22622,708220,56345,0.0980903545221465,0.0,20.7,0.363085284,1.0,4.380969070358364
WASHINGTON,29221.0,2211,0,23389,408086,51886,0.0945316174269955,0.0,17.4,0.361868176,7.0,29.91069521001581
AUDRAIN,29007.0,2186,0,24455,858374,56232,0.0893886730729912,0.0,18.6,0.405033874,10.0,40.228497867889615
STODDARD,29207.0,2134,0,28366,1152276,54067,0.0752309102446591,0.0,20.4,0.4033764,14.0,49.08491690624781
RAY,29177.0,2115,0,23119,482233,72152,0.0914831956399498,0.0,18.8,0.496307238,5.0,21.649707728945657
MCDONALD,29119.0,1972,0,23623,840273,48145,0.0834779663886889,0.0,15.8,0.332180234,2.0,8.535336292249914
TEXAS,29215.0,1929,0,25298,525032,48055,0.0762510870424539,0.0,20.9,0.337073785,10.0,40.21879021879022
CLINTON,29049.0,1850,0,21339,427611,70625,0.0866957214489901,0.0,18.4,0.509883749,13.0,61.257185939119786
MORGAN,29141.0,1637,0,21781,600764,49663,0.0751572471420045,0.0,23.6,0.381247879,6.0,27.983769413740028
